%YAML:1.0
---
camMatrix: !!opencv-matrix
   rows: 3
   cols: 3
   dt: d
   data: [ 4.6946225700000002e+02, 0., 3.2544277499999998e+02, 0.,
       4.7077350600000000e+02, 2.3095641699999999e+02, 0., 0., 1. ]
distCoeff: !!opencv-matrix
   rows: 1
   cols: 5
   dt: d
   data: [ -3.9023400000000003e-01, 1.3630300000000001e-01,
       -2.8549999999999999e-03, 2.1600000000000000e-03, 0. ]
